[gd_scene load_steps=3 format=2]

[sub_resource type="CubeMesh" id=1]

[sub_resource type="Animation" id=2]
resource_name = "Spinning"
length = 3.0
loop = true
tracks/0/type = "transform"
tracks/0/path = NodePath("RedLight")
tracks/0/interp = 1
tracks/0/loop_wrap = true
tracks/0/imported = false
tracks/0/enabled = true
tracks/0/keys = PoolRealArray( 0, 1, 0, 0, 0, 0, 0, 0, 1, 1, 1, 1, 1, 1, 0, 0, 0, 0, 0.866025, 0, 0.5, 1, 1, 1, 2, 1, 0, 0, 0, 0, -0.866025, 0, 0.5, 1, 1, 1, 3, 1, 0, 0, 0, 0, 0, 0, 1, 1, 1, 1 )
tracks/1/type = "transform"
tracks/1/path = NodePath("GreenLight")
tracks/1/interp = 1
tracks/1/loop_wrap = true
tracks/1/imported = false
tracks/1/enabled = true
tracks/1/keys = PoolRealArray( 0, 1, 0, 0, 0, 0, 0.866025, 0, 0.5, 1, 1, 1, 1, 1, 0, 0, 0, 0, -0.866025, 0, 0.5, 1, 1, 1, 2, 1, 0, 0, 0, 0, 3.25841e-07, 0, 1, 1, 1, 1, 3, 1, 0, 0, 0, 0, 0.866025, 0, 0.5, 1, 1, 1 )
tracks/2/type = "transform"
tracks/2/path = NodePath("BlueLight")
tracks/2/interp = 1
tracks/2/loop_wrap = true
tracks/2/imported = false
tracks/2/enabled = true
tracks/2/keys = PoolRealArray( 0, 1, 0.011, 0, 0.02, 0, -0.866025, 0, 0.5, 1, 1, 1, 1, 1, 0.011, 0, 0.02, 0, 3.25841e-07, 0, 1, 1, 1, 1, 2, 1, 0.011, 0, 0.02, 0, 0.866025, 0, 0.5, 1, 1, 1, 3, 1, 0.011, 0, 0.02, 0, -0.866025, 0, 0.5, 1, 1, 1 )

[node name="RotatingLight" type="Spatial"]

[node name="MeshInstance" type="MeshInstance" parent="."]
transform = Transform( 20, 0, 0, 0, 1, 0, 0, 0, 20, 0, -10, 0 )
mesh = SubResource( 1 )
material/0 = null

[node name="AnimationPlayer" type="AnimationPlayer" parent="."]
autoplay = "Spinning"
anims/Spinning = SubResource( 2 )

[node name="RedLight" type="SpotLight" parent="."]
transform = Transform( 0.669131, 0, 0.743145, 0, 1, 0, -0.743145, 0, 0.669131, 0, 0, 0 )
light_color = Color( 1, 0, 0.494118, 1 )
spot_range = 50.0
spot_attenuation = 4.0
spot_angle = 90.0
spot_angle_attenuation = 2.0

[node name="GreenLight" type="SpotLight" parent="."]
transform = Transform( -0.978148, 0, 0.207912, 0, 1, 0, -0.207912, 0, -0.978148, 0, 0, 0 )
light_color = Color( 0.172549, 1, 0, 1 )
spot_range = 50.0
spot_attenuation = 4.0
spot_angle = 90.0
spot_angle_attenuation = 2.0

[node name="BlueLight" type="SpotLight" parent="."]
transform = Transform( 0.309017, 0, -0.951056, 0, 1, 0, 0.951056, 0, 0.309017, 0.011, 0, 0.02 )
light_color = Color( 0.101961, 0, 1, 1 )
spot_range = 50.0
spot_attenuation = 4.07859
spot_angle = 90.0
spot_angle_attenuation = 2.0
